{
  "GlobalObjectId_V1-2-9fc0d4010bbf28b4594072e72b8655ab-1213574709-0": {
    "GameObjectId": "GlobalObjectId_V1-2-9fc0d4010bbf28b4594072e72b8655ab-1213574709-0",
    "SectionColorRed": 0.5,
    "SectionColorGreen": 1.0,
    "SectionColorBlue": 0.5,
    "SectionAltColorRed": 0.125,
    "SectionAltColorGreen": 0.5,
    "SectionAltColorBlue": 0.125
  },
  "GlobalObjectId_V1-2-9fc0d4010bbf28b4594072e72b8655ab-498660900-0": {
    "GameObjectId": "GlobalObjectId_V1-2-9fc0d4010bbf28b4594072e72b8655ab-498660900-0",
    "SectionColorRed": 1.0,
    "SectionColorGreen": 0.5,
    "SectionColorBlue": 0.833333254,
    "SectionAltColorRed": 0.5,
    "SectionAltColorGreen": 0.125,
    "SectionAltColorBlue": 0.37499994
  }
}